# This file contains data in append mode.
1.025545597076416016e-01 7.853981852531433105e-01 3.856482207775115967e-01 2.099298983812332153e-01 9.995317459106445312e+00 1.003158378601074219e+01
2.025759220123291016e-01 7.853981852531433105e-01 5.784723162651062012e-01 3.148948550224304199e-01 1.499297618865966797e+01 1.504737663269042969e+01
3.025493621826171875e-01 7.853981852531433105e-01 7.712964415550231934e-01 4.198597967624664307e-01 1.999063491821289062e+01 2.006316757202148438e+01
4.025430679321289062e-01 7.853981852531433105e-01 9.641205668449401855e-01 5.248247385025024414e-01 2.498829269409179688e+01 2.507896041870117188e+01
5.025222301483154297e-01 7.853981852531433105e-01 1.156944632530212402e+00 6.297897100448608398e-01 2.998595237731933594e+01 3.009475326538085938e+01
6.025953292846679688e-01 7.853981852531433105e-01 1.282322168350219727e+00 7.279438972473144531e-01 3.499137496948242188e+01 3.510311508178710938e+01
7.026646137237548828e-01 7.853981852531433105e-01 1.364956378936767578e+00 8.703955411911010742e-01 4.000170898437500000e+01 4.011190032958984375e+01
8.025927543640136719e-01 7.853981852531433105e-01 1.447782874107360840e+00 1.017651915550231934e+00 4.501202011108398438e+01 4.512121200561523438e+01
9.025254249572753906e-01 7.853981852531433105e-01 1.530609369277954102e+00 1.164908409118652344e+00 5.002233123779296875e+01 5.013052368164062500e+01
1.002547264099121094e+00 7.853981852531433105e-01 1.613435864448547363e+00 1.312164783477783203e+00 5.503263854980468750e+01 5.513983917236328125e+01
1.102548360824584961e+00 7.853981852531433105e-01 1.696262478828430176e+00 1.459421277046203613e+00 6.004294967651367188e+01 6.014915084838867188e+01
1.202557325363159180e+00 7.853981852531433105e-01 1.779088973999023438e+00 1.606677651405334473e+00 6.505326080322265625e+01 6.515846252441406250e+01
1.302587032318115234e+00 7.853981852531433105e-01 1.869131207466125488e+00 1.701359510421752930e+00 7.005984497070312500e+01 7.016438293457031250e+01
1.402606964111328125e+00 7.853981852531433105e-01 1.965034604072570801e+00 1.790565490722656250e+00 7.505384826660156250e+01 7.516354370117187500e+01
1.502559185028076172e+00 7.853981852531433105e-01 2.060674905776977539e+00 1.890102386474609375e+00 8.004582214355468750e+01 8.016193389892578125e+01
1.602543354034423828e+00 7.853981852531433105e-01 2.156315326690673828e+00 1.989639282226562500e+00 8.503780364990234375e+01 8.516032409667968750e+01
1.702603578567504883e+00 7.853981852531433105e-01 2.251955509185791016e+00 2.089176177978515625e+00 9.002977752685546875e+01 9.015870666503906250e+01
1.802569150924682617e+00 7.853981852531433105e-01 2.347595930099487305e+00 2.188713073730468750e+00 9.502175903320312500e+01 9.515709686279296875e+01
1.902545213699340820e+00 7.853981852531433105e-01 2.443236351013183594e+00 2.288249969482421875e+00 1.000137329101562500e+02 1.001554794311523438e+02
2.002588987350463867e+00 7.853981852531433105e-01 2.551344394683837891e+00 2.400199174880981445e+00 1.050122375488281250e+02 1.051494369506835938e+02
2.102600336074829102e+00 7.853981852531433105e-01 2.679622650146484375e+00 2.532986402511596680e+00 1.100095138549804688e+02 1.101476593017578125e+02
2.202546358108520508e+00 7.853981852531433105e-01 2.808819770812988281e+00 2.666981458663940430e+00 1.150027160644531250e+02 1.151499862670898438e+02
2.302518606185913086e+00 7.853981852531433105e-01 2.938017129898071289e+00 2.800976276397705078e+00 1.199959182739257812e+02 1.201523056030273438e+02
2.402539730072021484e+00 7.853981852531433105e-01 3.067214250564575195e+00 2.934971332550048828e+00 1.249891128540039062e+02 1.251546249389648438e+02
2.502619743347167969e+00 7.853981852531433105e-01 3.196411609649658203e+00 3.068966388702392578e+00 1.299823150634765625e+02 1.301569519042968750e+02
2.602571249008178711e+00 7.853981852531433105e-01 3.325608968734741211e+00 3.202961444854736328e+00 1.349755096435546875e+02 1.351592712402343750e+02
2.702539920806884766e+00 7.853981852531433105e-01 3.454228878021240234e+00 3.311702251434326172e+00 1.399714202880859375e+02 1.401620788574218750e+02
2.802590847015380859e+00 7.853981852531433105e-01 3.539117574691772461e+00 3.416292905807495117e+00 1.449755859375000000e+02 1.451703033447265625e+02
2.902570724487304688e+00 7.853981852531433105e-01 3.679984092712402344e+00 3.558508157730102539e+00 1.499807434082031250e+02 1.502083129882812500e+02
3.002543926239013672e+00 7.853981852531433105e-01 3.822408437728881836e+00 3.700870037078857422e+00 1.549858856201171875e+02 1.552468414306640625e+02
3.102545499801635742e+00 7.853981852531433105e-01 3.964832782745361328e+00 3.843231916427612305e+00 1.599910430908203125e+02 1.602853698730468750e+02
3.202583551406860352e+00 7.853981852531433105e-01 4.107257366180419922e+00 3.985594034194946289e+00 1.649961853027343750e+02 1.653238983154296875e+02
3.302522420883178711e+00 7.853981852531433105e-01 4.249681472778320312e+00 4.127955913543701172e+00 1.700013427734375000e+02 1.703624267578125000e+02
3.402546882629394531e+00 7.853981852531433105e-01 4.392106056213378906e+00 4.270317554473876953e+00 1.750064849853515625e+02 1.754009399414062500e+02
3.502547264099121094e+00 7.853981852531433105e-01 4.570637226104736328e+00 4.409537792205810547e+00 1.800013885498046875e+02 1.804225311279296875e+02
3.602613210678100586e+00 7.853981852531433105e-01 4.675868034362792969e+00 4.584663391113281250e+00 1.849936828613281250e+02 1.854275054931640625e+02
3.702541112899780273e+00 7.853981852531433105e-01 4.768329143524169922e+00 4.764681816101074219e+00 1.899866027832031250e+02 1.904319458007812500e+02
3.802575349807739258e+00 7.853981852531433105e-01 4.860790252685546875e+00 4.944699764251708984e+00 1.949795227050781250e+02 1.954363708496093750e+02
3.902527093887329102e+00 7.853981852531433105e-01 4.953250885009765625e+00 5.124717712402343750e+00 1.999724578857421875e+02 2.004408111572265625e+02
4.002571105957031250e+00 7.853981852531433105e-01 5.045711994171142578e+00 5.304736137390136719e+00 2.049653778076171875e+02 2.054452514648437500e+02
4.102512359619140625e+00 7.853981852531433105e-01 5.138172626495361328e+00 5.484754085540771484e+00 2.099582977294921875e+02 2.104496917724609375e+02
4.202599525451660156e+00 7.853981852531433105e-01 5.249740600585937500e+00 5.653811931610107422e+00 2.149576721191406250e+02 2.154479827880859375e+02
4.302593708038330078e+00 7.853981852531433105e-01 5.368785858154296875e+00 5.783593654632568359e+00 2.199691009521484375e+02 2.204415740966796875e+02
4.402518749237060547e+00 7.853981852531433105e-01 5.484413623809814453e+00 5.906132698059082031e+00 2.249818878173828125e+02 2.254356536865234375e+02
4.502519607543945312e+00 7.853981852531433105e-01 5.600040912628173828e+00 6.028671741485595703e+00 2.299946594238281250e+02 2.304297485351562500e+02
4.602551937103271484e+00 7.853981852531433105e-01 5.715668678283691406e+00 6.151210784912109375e+00 2.350074310302734375e+02 2.354238281250000000e+02
4.702557563781738281e+00 7.853981852531433105e-01 5.831295967102050781e+00 6.273749828338623047e+00 2.400202178955078125e+02 2.404179077148437500e+02
4.802556991577148438e+00 7.853981852531433105e-01 5.946923732757568359e+00 6.396288871765136719e+00 2.450329895019531250e+02 2.454120025634765625e+02
4.902577400207519531e+00 7.853981852531433105e-01 6.034860134124755859e+00 6.489243030548095703e+00 2.500380249023437500e+02 2.504075469970703125e+02
5.002605915069580078e+00 7.853981852531433105e-01 6.124020576477050781e+00 6.583930015563964844e+00 2.550288543701171875e+02 2.554067687988281250e+02
5.102581977844238281e+00 7.853981852531433105e-01 6.232696533203125000e+00 6.699651718139648438e+00 2.600188293457031250e+02 2.604065856933593750e+02
5.202564239501953125e+00 7.853981852531433105e-01 6.341372013092041016e+00 6.815373420715332031e+00 2.650087890625000000e+02 2.654064025878906250e+02
5.302544593811035156e+00 7.853981852531433105e-01 6.450047969818115234e+00 6.931095600128173828e+00 2.699987792968750000e+02 2.704062194824218750e+02
5.402554512023925781e+00 7.853981852531433105e-01 6.558723449707031250e+00 7.046817302703857422e+00 2.749887390136718750e+02 2.754060363769531250e+02
5.502547264099121094e+00 7.853981852531433105e-01 6.667399406433105469e+00 7.162539005279541016e+00 2.799787292480468750e+02 2.804058532714843750e+02
5.602607727050781250e+00 7.853981852531433105e-01 6.771539688110351562e+00 7.253415107727050781e+00 2.849756164550781250e+02 2.854053649902343750e+02
5.702550888061523438e+00 7.853981852531433105e-01 6.879039764404296875e+00 7.337434291839599609e+00 2.899783020019531250e+02 2.904086608886718750e+02
5.802578926086425781e+00 7.853981852531433105e-01 7.020347118377685547e+00 7.488268852233886719e+00 2.949673156738281250e+02 2.953942565917968750e+02
5.902609825134277344e+00 7.853981852531433105e-01 7.162741661071777344e+00 7.640522003173828125e+00 2.999560852050781250e+02 3.003789062500000000e+02
6.002651214599609375e+00 7.853981852531433105e-01 7.305136203765869141e+00 7.792775154113769531e+00 3.049448242187500000e+02 3.053635864257812500e+02
6.102692127227783203e+00 7.853981852531433105e-01 7.447530746459960938e+00 7.945028781890869141e+00 3.099335937500000000e+02 3.103482360839843750e+02
6.202574729919433594e+00 7.853981852531433105e-01 7.589925289154052734e+00 8.097282409667968750e+00 3.149223327636718750e+02 3.153328857421875000e+02
6.302518844604492188e+00 7.853981852531433105e-01 7.732319831848144531e+00 8.249535560607910156e+00 3.199111022949218750e+02 3.203175354003906250e+02
6.402584552764892578e+00 7.853981852531433105e-01 7.886913299560546875e+00 8.354805946350097656e+00 3.249088745117187500e+02 3.253077697753906250e+02
6.502546310424804688e+00 7.853981852531433105e-01 7.986271858215332031e+00 8.413042068481445312e+00 3.299265136718750000e+02 3.303073425292968750e+02
6.602553367614746094e+00 7.853981852531433105e-01 8.075262069702148438e+00 8.469820976257324219e+00 3.349461669921875000e+02 3.353077087402343750e+02
6.702530860900878906e+00 7.853981852531433105e-01 8.164252281188964844e+00 8.526599884033203125e+00 3.399657897949218750e+02 3.403080444335937500e+02
6.802538871765136719e+00 7.853981852531433105e-01 8.253242492675781250e+00 8.583378791809082031e+00 3.449854431152343750e+02 3.453084106445312500e+02
6.902546405792236328e+00 7.853981852531433105e-01 8.342232704162597656e+00 8.640157699584960938e+00 3.500050964355468750e+02 3.503087463378906250e+02
7.002552986145019531e+00 7.853981852531433105e-01 8.431222915649414062e+00 8.696936607360839844e+00 3.550247497558593750e+02 3.553091125488281250e+02
7.102534770965576172e+00 7.853981852531433105e-01 8.554165840148925781e+00 8.825007438659667969e+00 3.600289611816406250e+02 3.603118896484375000e+02
7.202577590942382812e+00 7.853981852531433105e-01 8.648420333862304688e+00 8.965708732604980469e+00 3.650193176269531250e+02 3.653152770996093750e+02
7.302542686462402344e+00 7.853981852531433105e-01 8.721893310546875000e+00 9.084807395935058594e+00 3.700110168457031250e+02 3.703179626464843750e+02
7.402563095092773438e+00 7.853981852531433105e-01 8.795366287231445312e+00 9.203906059265136719e+00 3.750027160644531250e+02 3.753206787109375000e+02
7.502520561218261719e+00 7.853981852531433105e-01 8.868839263916015625e+00 9.323004722595214844e+00 3.799944152832031250e+02 3.803233642578125000e+02
7.602548599243164062e+00 7.853981852531433105e-01 8.942312240600585938e+00 9.442103385925292969e+00 3.849860839843750000e+02 3.853260803222656250e+02
7.702556133270263672e+00 7.853981852531433105e-01 9.015785217285156250e+00 9.561202049255371094e+00 3.899777832031250000e+02 3.903287963867187500e+02
7.802590847015380859e+00 7.853981852531433105e-01 9.093992233276367188e+00 9.680994033813476562e+00 3.949719238281250000e+02 3.953347473144531250e+02
7.902574539184570312e+00 7.853981852531433105e-01 9.184382438659667969e+00 9.784523963928222656e+00 3.999740905761718750e+02 4.003357543945312500e+02
8.002547264099121094e+00 7.853981852531433105e-01 9.276674270629882812e+00 9.879569053649902344e+00 4.049780273437500000e+02 4.053315429687500000e+02
8.102541923522949219e+00 7.853981852531433105e-01 9.368967056274414062e+00 9.974614143371582031e+00 4.099819641113281250e+02 4.103273315429687500e+02
8.202564239501953125e+00 7.853981852531433105e-01 9.461258888244628906e+00 1.006965827941894531e+01 4.149859008789062500e+02 4.153231201171875000e+02
8.302549362182617188e+00 7.853981852531433105e-01 9.553551673889160156e+00 1.016470336914062500e+01 4.199898681640625000e+02 4.203189086914062500e+02
8.402549743652343750e+00 7.853981852531433105e-01 9.645843505859375000e+00 1.025974750518798828e+01 4.249938049316406250e+02 4.253146972656250000e+02
8.502573013305664062e+00 7.853981852531433105e-01 9.738719940185546875e+00 1.036570167541503906e+01 4.299987182617187500e+02 4.303091430664062500e+02
8.602590560913085938e+00 7.853981852531433105e-01 9.900299072265625000e+00 1.046795177459716797e+01 4.349947204589843750e+02 4.352949523925781250e+02
8.702556610107421875e+00 7.853981852531433105e-01 1.003628826141357422e+01 1.052952194213867188e+01 4.400167236328125000e+02 4.402949829101562500e+02
8.802631378173828125e+00 7.853981852531433105e-01 1.016695976257324219e+01 1.058992004394531250e+01 4.450411682128906250e+02 4.452962646484375000e+02
8.902603149414062500e+00 7.853981852531433105e-01 1.029763031005859375e+01 1.065031814575195312e+01 4.500656433105468750e+02 4.502975769042968750e+02
9.002628326416015625e+00 7.853981852531433105e-01 1.042830181121826172e+01 1.071071624755859375e+01 4.550900878906250000e+02 4.552988586425781250e+02
9.102568626403808594e+00 7.853981852531433105e-01 1.055897235870361328e+01 1.077111434936523438e+01 4.601145324707031250e+02 4.603001403808593750e+02
9.202623367309570312e+00 7.853981852531433105e-01 1.068964385986328125e+01 1.083151245117187500e+01 4.651390075683593750e+02 4.653014526367187500e+02
9.302633285522460938e+00 7.853981852531433105e-01 1.088105487823486328e+01 1.092328739166259766e+01 4.701505737304687500e+02 4.703019104003906250e+02
9.402634620666503906e+00 7.853981852531433105e-01 1.099555683135986328e+01 1.103906440734863281e+01 4.751460571289062500e+02 4.752958984375000000e+02
9.502567291259765625e+00 7.853981852531433105e-01 1.108488655090332031e+01 1.115409946441650391e+01 4.801406250000000000e+02 4.802887878417968750e+02
