# This file contains data in append mode.
1.025545597076416016e-01 7.853981852531433105e-01 3.856482207775115967e-01 2.099298983812332153e-01 9.995317459106445312e+00 1.003158378601074219e+01
2.025545597076416071e-01 7.853981633974482790e-01 5.665475861865516549e-01 3.183529286282320570e-01 1.499531745910644531e+01 1.503158378601074219e+01
3.025545597076416127e-01 7.853981633974482790e-01 7.218529799991981744e-01 4.152244342713120595e-01 1.999531745910644531e+01 2.003158378601074219e+01
4.025545597076416460e-01 7.853981633974482790e-01 8.788611602759799357e-01 5.340033448474196254e-01 2.499531745910644531e+01 2.503158378601074219e+01
5.025545597076416238e-01 7.853981633974482790e-01 1.091871751086522346e+00 6.284273070507200298e-01 2.999531745910644531e+01 3.003158378601074219e+01
6.025545597076416016e-01 7.853981633974482790e-01 1.199658515134019554e+00 7.445115124531748174e-01 3.499531745910644531e+01 3.503158378601074219e+01
7.025545597076415794e-01 7.853981633974482790e-01 1.320450032474279167e+00 8.573217811984621406e-01 3.999531745910644531e+01 4.003158378601074219e+01
8.025545597076415572e-01 7.853981633974482790e-01 1.406746093689366761e+00 1.026084988039112744e+00 4.499531745910644531e+01 4.503158378601074219e+01
9.025545597076415349e-01 7.853981633974482790e-01 1.539030510191957468e+00 1.203975522200598336e+00 4.999531745910644531e+01 5.003158378601074219e+01
1.002554559707641513e+00 7.853981633974482790e-01 1.620340740829824711e+00 1.318240756009109838e+00 5.499531745910644531e+01 5.503158378601074219e+01
1.102554559707641602e+00 7.853981633974482790e-01 1.686844088085745597e+00 1.434554957667534492e+00 5.999531745910644531e+01 6.003158378601074219e+01
1.202554559707641690e+00 7.853981633974482790e-01 1.818352302641417673e+00 1.563803004032513710e+00 6.499531745910644531e+01 6.503158378601074219e+01
1.302554559707641779e+00 7.853981633974482790e-01 1.894458326624940625e+00 1.686133432302728163e+00 6.999531745910644531e+01 7.003158378601074219e+01
1.402554559707641868e+00 7.853981633974482790e-01 1.995127682227136434e+00 1.853527340173450222e+00 7.499531745910644531e+01 7.503158378601074219e+01
1.502554559707641957e+00 7.853981633974482790e-01 2.082064256881461795e+00 1.996815258178403552e+00 7.999531745910644531e+01 8.003158378601074219e+01
1.602554559707642046e+00 7.853981633974482790e-01 2.195754956643011013e+00 2.061389405145853893e+00 8.499531745910644531e+01 8.503158378601074219e+01
1.702554559707642134e+00 7.853981633974482790e-01 2.244444604504437280e+00 2.105628023426871387e+00 8.999531745910644531e+01 9.003158378601074219e+01
1.802554559707642223e+00 7.853981633974482790e-01 2.367395484577837106e+00 2.173130646938143062e+00 9.499531745910644531e+01 9.503158378601074219e+01
1.902554559707642312e+00 7.853981633974482790e-01 2.465861619799630144e+00 2.329236252003606289e+00 9.999531745910644531e+01 1.000315837860107422e+02
2.002554559707642401e+00 7.853981633974482790e-01 2.522453475490006536e+00 2.433787594767431006e+00 1.049953174591064453e+02 1.050315837860107422e+02
2.102554559707642490e+00 7.853981633974482790e-01 2.673210668896775832e+00 2.517586035941830502e+00 1.099953174591064453e+02 1.100315837860107422e+02
2.202554559707642579e+00 7.853981633974482790e-01 2.825908987973482667e+00 2.690285016900357373e+00 1.149953174591064453e+02 1.150315837860107422e+02
2.302554559707642667e+00 7.853981633974482790e-01 2.932177638840184564e+00 2.779969213735390188e+00 1.199953174591064453e+02 1.200315837860107422e+02
2.402554559707642756e+00 7.853981633974482790e-01 3.085761212274836129e+00 2.920732591944702694e+00 1.249953174591064453e+02 1.250315837860107422e+02
2.502554559707642845e+00 7.853981633974482790e-01 3.165619412137709698e+00 3.071820338655929294e+00 1.299953174591064453e+02 1.300315837860107422e+02
2.602554559707642934e+00 7.853981633974482790e-01 3.262251941849183545e+00 3.183636899571930634e+00 1.349953174591064453e+02 1.350315837860107422e+02
2.702554559707643023e+00 7.853981633974482790e-01 3.398152394084006822e+00 3.312100909286658901e+00 1.399953174591064453e+02 1.400315837860107422e+02
2.802554559707643111e+00 7.853981633974482790e-01 3.562402870670990485e+00 3.378487785127886944e+00 1.449953174591064453e+02 1.450315837860107422e+02
2.902554559707643200e+00 7.853981633974482790e-01 3.697278462628383000e+00 3.569402469073219564e+00 1.499953174591064453e+02 1.500315837860107422e+02
3.002554559707643289e+00 7.853981633974482790e-01 3.811859838355053487e+00 3.680220327632938382e+00 1.549953174591064453e+02 1.550315837860107422e+02
3.102554559707643378e+00 7.853981633974482790e-01 3.936383837623925963e+00 3.859182503799506225e+00 1.599953174591064453e+02 1.600315837860107422e+02
3.202554559707643467e+00 7.853981633974482790e-01 4.093243302465190858e+00 3.983282332471898446e+00 1.649953174591064453e+02 1.650315837860107422e+02
3.302554559707643556e+00 7.853981633974482790e-01 4.214042157611000761e+00 4.143602102920666219e+00 1.699953174591064453e+02 1.700315837860107422e+02
3.402554559707643644e+00 7.853981633974482790e-01 4.358320016380099915e+00 4.251805100811246518e+00 1.749953174591064453e+02 1.750315837860107422e+02
3.502554559707643733e+00 7.853981633974482790e-01 4.599682415604118724e+00 4.425759221557169276e+00 1.799953174591064453e+02 1.800315837860107422e+02
3.602554559707643822e+00 7.853981633974482790e-01 4.715270416809576481e+00 4.539888560276518881e+00 1.849953174591064453e+02 1.850315837860107422e+02
3.702554559707643911e+00 7.853981633974482790e-01 4.843071850767834086e+00 4.679189370708995988e+00 1.899953174591064453e+02 1.900315837860107422e+02
3.802554559707644000e+00 7.853981633974482790e-01 4.898903615026578784e+00 4.857518402174268779e+00 1.949953174591064453e+02 1.950315837860107422e+02
3.902554559707644088e+00 7.853981633974482790e-01 4.980564882731727039e+00 5.087682762592867114e+00 1.999953174591064453e+02 2.000315837860107422e+02
4.002554559707643733e+00 7.853981633974482790e-01 5.083572831937191339e+00 5.275077187536242107e+00 2.049953174591064453e+02 2.050315837860107422e+02
4.102554559707643378e+00 7.853981633974482790e-01 5.172914783621657797e+00 5.427817774687393459e+00 2.099953174591064453e+02 2.100315837860107422e+02
4.202554559707643023e+00 7.853981633974482790e-01 5.247650249009544687e+00 5.635147634879484002e+00 2.149953174591064453e+02 2.150315837860107422e+02
4.302554559707642667e+00 7.853981633974482790e-01 5.383987292586659201e+00 5.765209327439271725e+00 2.199953174591064453e+02 2.200315837860107422e+02
4.402554559707642312e+00 7.853981633974482790e-01 5.491268086368800816e+00 5.917943255082898091e+00 2.249953174591064453e+02 2.250315837860107422e+02
4.502554559707641957e+00 7.853981633974482790e-01 5.577773854235405615e+00 6.095600606817569656e+00 2.299953174591064453e+02 2.300315837860107422e+02
4.602554559707641602e+00 7.853981633974482790e-01 5.726979224929895196e+00 6.174156165045159739e+00 2.349953174591064453e+02 2.350315837860107422e+02
4.702554559707641246e+00 7.853981633974482790e-01 5.810506124075299539e+00 6.270341965948091456e+00 2.399953174591064453e+02 2.400315837860107422e+02
4.802554559707640891e+00 7.853981633974482790e-01 5.923716366363995789e+00 6.378190509394298324e+00 2.449953174591064453e+02 2.450315837860107422e+02
4.902554559707640536e+00 7.853981633974482790e-01 6.046579533251477123e+00 6.536980639281926742e+00 2.499953174591064453e+02 2.500315837860107422e+02
5.002554559707640180e+00 7.853981633974482790e-01 6.130085677803810640e+00 6.620534625594747702e+00 2.549953174591064453e+02 2.550315837860107422e+02
5.102554559707639825e+00 7.853981633974482790e-01 6.259394317496049354e+00 6.701598262952286333e+00 2.599953174591064453e+02 2.600315837860107422e+02
5.202554559707639470e+00 7.853981633974482790e-01 6.370013315884668792e+00 6.861323122216580472e+00 2.649953174591064453e+02 2.650315837860107422e+02
5.302554559707639115e+00 7.853981633974482790e-01 6.531710917753198231e+00 6.924031838864874722e+00 2.699953174591064453e+02 2.700315837860107422e+02
5.402554559707638759e+00 7.853981633974482790e-01 6.597617999257179733e+00 7.055043329197153490e+00 2.749953174591064453e+02 2.750315837860107422e+02
5.502554559707638404e+00 7.853981633974482790e-01 6.644512654170108057e+00 7.222639659295730930e+00 2.799953174591064453e+02 2.800315837860107422e+02
5.602554559707638049e+00 7.853981633974482790e-01 6.805835149186288291e+00 7.236954635778248601e+00 2.849953174591064453e+02 2.850315837860107422e+02
5.702554559707637694e+00 7.853981633974482790e-01 6.862651812930519846e+00 7.339219853512292779e+00 2.899953174591064453e+02 2.900315837860107422e+02
5.802554559707637338e+00 7.853981633974482790e-01 7.044160194680418208e+00 7.486171051810012855e+00 2.949953174591064453e+02 2.950315837860107422e+02
5.902554559707636983e+00 7.853981633974482790e-01 7.225693135148913981e+00 7.680373226646073803e+00 2.999953174591064453e+02 3.000315837860107422e+02
6.002554559707636628e+00 7.853981633974482790e-01 7.340556868191641549e+00 7.827113572225098181e+00 3.049953174591064453e+02 3.050315837860107422e+02
6.102554559707636272e+00 7.853981633974482790e-01 7.497660852996770764e+00 7.946843690954916717e+00 3.099953174591064453e+02 3.100315837860107422e+02
6.202554559707635917e+00 7.853981633974482790e-01 7.598238148371603273e+00 8.020497143059865053e+00 3.149953174591064453e+02 3.150315837860107422e+02
6.302554559707635562e+00 7.853981633974482790e-01 7.709791050849102767e+00 8.173884320025697647e+00 3.199953174591064453e+02 3.200315837860107422e+02
6.402554559707635207e+00 7.853981633974482790e-01 7.839322696379452005e+00 8.326957278824382414e+00 3.249953174591064453e+02 3.250315837860107422e+02
6.502554559707634851e+00 7.853981633974482790e-01 7.953084698917870732e+00 8.431338093455703842e+00 3.299953174591064453e+02 3.300315837860107422e+02
6.602554559707634496e+00 7.853981633974482790e-01 8.055365950134483199e+00 8.491187604570063385e+00 3.349953174591064453e+02 3.350315837860107422e+02
6.702554559707634141e+00 7.853981633974482790e-01 8.185042856666573385e+00 8.567257041629122938e+00 3.399953174591064453e+02 3.400315837860107422e+02
6.802554559707633786e+00 7.853981633974482790e-01 8.278044687915267374e+00 8.598413024474620414e+00 3.449953174591064453e+02 3.450315837860107422e+02
6.902554559707633430e+00 7.853981633974482790e-01 8.362033667975026674e+00 8.714510006574364809e+00 3.499953174591064453e+02 3.500315837860107422e+02
7.002554559707633075e+00 7.853981633974482790e-01 8.443478295604165851e+00 8.721155703993403563e+00 3.549953174591064453e+02 3.550315837860107422e+02
7.102554559707632720e+00 7.853981633974482790e-01 8.536345625751749822e+00 8.814851813832698113e+00 3.599953174591064453e+02 3.600315837860107422e+02
7.202554559707632365e+00 7.853981633974482790e-01 8.648624091629686816e+00 8.945267449374096458e+00 3.649953174591064453e+02 3.650315837860107422e+02
7.302554559707632009e+00 7.853981633974482790e-01 8.741541545673555902e+00 9.099291801364422838e+00 3.699953174591064453e+02 3.700315837860107422e+02
7.402554559707631654e+00 7.853981633974482790e-01 8.763597999757458012e+00 9.158218173232228310e+00 3.749953174591064453e+02 3.750315837860107422e+02
7.502554559707631299e+00 7.853981633974482790e-01 8.871163371002058540e+00 9.267204452213933408e+00 3.799953174591064453e+02 3.800315837860107422e+02
7.602554559707630943e+00 7.853981633974482790e-01 8.941873678111834423e+00 9.445687021957452245e+00 3.849953174591064453e+02 3.850315837860107422e+02
7.702554559707630588e+00 7.853981633974482790e-01 9.049950888396740112e+00 9.555370013456872869e+00 3.899953174591064453e+02 3.900315837860107422e+02
7.802554559707630233e+00 7.853981633974482790e-01 9.129596959811959067e+00 9.688007338311130923e+00 3.949953174591064453e+02 3.950315837860107422e+02
7.902554559707629878e+00 7.853981633974482790e-01 9.216976024623914299e+00 9.856356413539199224e+00 3.999953174591064453e+02 4.000315837860107422e+02
8.002554559707629522e+00 7.853981633974482790e-01 9.267285409739002944e+00 9.857457160606978519e+00 4.049953174591064453e+02 4.050315837860107422e+02
8.102554559707629167e+00 7.853981633974482790e-01 9.400323293810092906e+00 9.906100805421340638e+00 4.099953174591064453e+02 4.100315837860107422e+02
8.202554559707628812e+00 7.853981633974482790e-01 9.469715462552002805e+00 1.007130389695792516e+01 4.149953174591064453e+02 4.150315837860107422e+02
8.302554559707628457e+00 7.853981633974482790e-01 9.591752552477341709e+00 1.014713814954614080e+01 4.199953174591064453e+02 4.200315837860107422e+02
8.402554559707628101e+00 7.853981633974482790e-01 9.653987524406145937e+00 1.025296006859331754e+01 4.249953174591064453e+02 4.250315837860107422e+02
8.502554559707627746e+00 7.853981633974482790e-01 9.777792080206497261e+00 1.040909442731295087e+01 4.299953174591064453e+02 4.300315837860107422e+02
8.602554559707627391e+00 7.853981633974482790e-01 9.944300375442409745e+00 1.051025648627068776e+01 4.349953174591064453e+02 4.350315837860107422e+02
8.702554559707627035e+00 7.853981633974482790e-01 1.004909780680856635e+01 1.058915554661381719e+01 4.399953174591064453e+02 4.400315837860107422e+02
8.802554559707626680e+00 7.853981633974482790e-01 1.020808138452837532e+01 1.068342526183685415e+01 4.449953174591064453e+02 4.450315837860107422e+02
8.902554559707626325e+00 7.853981633974482790e-01 1.025569113004806887e+01 1.075479433043078537e+01 4.499953174591064453e+02 4.500315837860107422e+02
9.002554559707625970e+00 7.853981633974482790e-01 1.040920103837108179e+01 1.073225562803975386e+01 4.549953174591064453e+02 4.550315837860107422e+02
9.102554559707625614e+00 7.853981633974482790e-01 1.053873590966012053e+01 1.079240873791628985e+01 4.599953174591064453e+02 4.600315837860107422e+02
9.202554559707625259e+00 7.853981633974482790e-01 1.071137963408352256e+01 1.085283232056723079e+01 4.649953174591064453e+02 4.650315837860107422e+02
9.302554559707624904e+00 7.853981633974482790e-01 1.086693062850715030e+01 1.093647973166587661e+01 4.699953174591064453e+02 4.700315837860107422e+02
9.402554559707624549e+00 7.853981633974482790e-01 1.099427983810658205e+01 1.103656638162569159e+01 4.749953174591064453e+02 4.750315837860107422e+02
9.502554559707624193e+00 7.853981633974482790e-01 1.108425303483800484e+01 1.114229275967250921e+01 4.799953174591064453e+02 4.800315837860107422e+02
